     0.495       0.13      0.831      0.197    0.00091       2.08
     0.389      0.119      0.925      0.183    0.00091       2.16
     0.426      0.116      0.831      0.177    0.00095       2.34
      0.23     0.0988       0.95      0.154      0.001       2.33
     0.216     0.0951      0.925      0.148    0.00095       2.31
     0.169     0.0946      0.981      0.148    0.00089       2.14
     0.162     0.0934      0.975      0.146    0.00077        2.5
     0.147     0.0934      0.994      0.146    0.00115       2.74
      0.11     0.0899      0.994      0.141      0.001       2.61
      0.11     0.0894      0.988      0.141    0.00091        2.2
     0.105     0.0894      0.994      0.141    0.00097       2.14
    0.0999     0.0894          1      0.141    0.00098       2.24
    0.0917     0.0886          1      0.139    0.00095       2.53
    0.0933     0.0883      0.994      0.139    0.00087       2.44
    0.0895     0.0884          1      0.139    0.00085       1.89
    0.0889     0.0884          1      0.139    0.00095       2.11
    0.0889     0.0884          1      0.139     0.0009       2.18
    0.0889     0.0884          1      0.139    0.00088       2.18
    0.0883     0.0883          1      0.139    0.00101       2.38
    0.0883     0.0883          1      0.139    0.00091       2.04
